30
2
1 -1
3
2 1 -2
4
3 1 -1 -3
5
1 -1 -4 -2 -2
6
3 4 -1 1 -2 -4
7
1 -1 1 -1 1 -1 1
10
-7 7 4 -6 -3 2 -1 -2 -7 2
11
-3 6 7 4 -4 1 5 -8 -9 -7 -6
12
5 1 -1 4 2 -5 -3 -4 -3 2 -3 1
13
1 -9 8 2 -2 5 2 2 -2 1 -1 -8 -1
21
1 -1 1 -1 1 -1 1 -1 1 -1 1 -1 1 -1 1 -1 1 -1 1 -1 1
23
19 12 20 -9 18 4 7 6 4 -4 -9 5 11 -6 -2 3 3 8 -2 -10 -4 3 -12
50
-27 30 37 -24 -29 -33 -13 7 12 5 10 33 -10 -4 -5 28 -18 35 8 -10 -12 -5 -10 -4 -29 7 -8 4 -6 4 -12 21 -7 -37 19 -27 22 5 -9 -37 48 -9 5 -28 -33 23 -33 -5 -25 -11
52
17 4 6 42 32 -4 -39 29 27 8 -8 -44 19 23 -2 -19 15 -8 4 15 -12 -3 -4 42 11 -4 -26 36 32 18 -8 -15 26 -32 27 -27 -32 -9 -3 10 14 -16 43 -35 -31 -42 -4 25 7 -10 -11 -33
54
-33 -29 3 19 35 20 26 31 43 -35 -11 -23 17 -31 10 22 -4 30 33 32 14 -9 -19 4 -15 -20 8 -4 36 -3 21 1 -26 8 -8 24 -32 -22 -31 -35 22 6 24 -4 5 -7 49 -30 -43 2 -17 -2 50 6
71
-7 21 -25 5 62 -5 -24 32 -5 -17 46 55 21 1 -1 17 32 -7 -34 34 -24 16 -21 43 31 -4 37 11 -4 -63 14 11 -17 15 -5 27 -56 -16 -6 -32 -7 -3 -12 4 20 12 19 -4 -32 -39 -28 6 -10 -34 49 -31 -46 -12 4 -8 46 26 -27 -27 -20 2 -62 -20 -7 -6 15
73
-3 11 16 18 49 -3 -5 46 60 35 42 23 47 2 -48 46 23 52 -16 -54 -6 -18 36 -6 -14 16 -2 6 10 25 -49 -20 58 -6 18 23 -4 37 -10 -36 -40 -16 37 13 -35 -47 -6 3 -18 5 -3 6 -18 -45 -25 11 -13 -47 34 -47 13 -46 -47 9 -21 14 -14 -7 -60 -52 26 -5 -22
75
34 59 55 53 67 26 9 -2 65 36 17 -21 51 -65 -38 42 52 21 8 14 30 42 39 11 -41 -53 -8 42 22 45 -7 -26 4 -14 33 -39 29 -16 -21 26 -25 5 10 -8 -1 -36 -61 16 58 -39 -30 -23 -10 7 35 -19 -48 -55 49 7 -59 -39 12 -42 57 -29 12 -33 -52 -42 6 1 -1 -65 -72
77
62 -8 -42 8 17 41 -5 71 37 13 56 44 -42 -18 61 57 18 27 3 12 -77 -17 44 37 12 1 -1 -26 11 46 50 -12 -13 -22 29 -67 -12 70 -27 4 -6 11 7 -4 -36 -37 -41 2 38 -7 -8 2 -11 -42 -11 -44 43 62 14 -16 -37 -55 -62 -29 9 -14 -56 -33 -42 -69 61 1 -57 16 17 -61 35
79
75 -4 66 25 73 -45 1 5 43 52 38 17 19 -37 59 39 27 49 19 29 -22 42 52 1 -1 14 45 38 -17 -52 10 -19 49 10 37 32 -10 8 56 -14 -10 -7 26 -27 8 -26 15 -47 -38 20 -7 -43 -8 -33 -39 12 7 38 4 -10 58 -52 51 14 -5 -38 45 -32 -26 -20 -16 -71 -68 -31 -52 -75 68 -14 1
101
-9 56 51 -45 20 -32 -43 58 19 41 -11 80 57 65 -9 15 -69 16 -4 14 76 -75 40 -12 2 6 -2 96 -48 -25 -15 -6 60 -16 57 8 64 9 -25 -14 7 61 -42 -8 22 -33 -9 -7 -4 14 -41 33 5 -45 23 51 -10 26 63 -87 -32 17 -40 -67 9 -58 -22 -22 2 -57 -2 14 -6 -9 -13 20 -29 -51 17 47 32 55 -11 30 15 74 -54 54 -7 4 -14 -57 -60 -67 1 -17 -76 -78 20 -15 79
103
82 47 70 96 55 -1 -78 -1 -16 76 32 72 -48 20 83 -6 -1 48 79 -19 12 58 38 -79 36 18 59 -41 71 21 1 -1 -45 26 -51 61 -36 76 -28 49 -53 13 -32 -18 -4 8 31 -40 -47 57 -21 50 31 -8 -13 46 25 3 -2 -55 -3 42 -62 34 27 -48 -33 56 -59 -16 14 81 12 29 -81 -64 27 -26 -30 -58 -27 -25 -82 -31 -56 -76 -40 -5 -49 37 -7 -27 -3 -11 3 16 -61 -34 -24 -96 -2 -50 -29
105
25 -94 2 49 23 56 98 56 22 91 15 1 -1 51 21 19 -56 1 -4 35 -5 29 73 7 61 -15 -50 26 32 15 99 82 26 -17 38 -21 46 61 17 43 82 89 60 22 19 -51 21 54 37 -22 36 14 -25 -26 40 44 -10 37 5 77 33 -75 -77 -19 -51 -14 46 -21 13 29 64 22 3 -12 3 5 -76 -61 -45 23 18 -13 -46 15 18 -37 -36 22 19 31 -71 19 -16 -33 -40 -73 6 -15 -18 -18 -91 10 -18 47 -98
107
7 22 20 -37 5 32 3 -7 24 -5 35 6 40 15 22 -54 -6 50 24 -5 -5 -9 -20 -99 -34 90 44 11 -15 -18 24 18 -24 -82 -28 18 -22 -32 -18 49 24 -37 -32 22 17 -35 40 21 24 14 55 -37 -40 -11 -24 7 -17 16 10 -38 2 17 -2 -31 -21 -22 -15 -50 -10 53 13 9 -24 70 18 -53 3 60 -38 55 -41 38 -3 -13 20 47 29 -44 -49 78 2 -91 -56 13 33 15 -89 -14 89 -49 32 2 49 79 -20 -55 -13
109
-26 55 2 25 -2 41 -44 24 -9 69 -85 25 1 51 37 97 11 15 -30 37 -57 39 75 66 -58 -2 15 -11 19 69 28 4 -15 6 -47 -4 -25 34 -94 -6 60 -15 -11 31 -97 16 53 15 -15 -7 -33 47 10 2 -4 -2 -37 47 -28 -36 -39 -16 43 31 -72 -29 19 -18 40 100 -2 23 11 41 -31 -10 -17 10 -69 48 -30 -69 28 -11 44 -19 -22 -10 17 -66 14 18 -66 -57 -38 -9 24 -75 7 -43 -64 16 -43 4 -47 -7 20 -4 -40
192
1 -1 1 -1 1 -1 1 -1 1 -1 1 -1 1 -1 1 -1 1 -1 1 -1 1 -1 1 -1 1 -1 1 -1 1 -1 1 -1 1 -1 1 -1 1 -1 1 -1 1 -1 1 -1 1 -1 1 -1 1 -1 1 -1 1 -1 1 -1 1 -1 1 -1 1 -1 1 -1 1 -1 1 -1 1 -1 1 -1 1 -1 1 -1 1 -1 1 -1 1 -1 1 -1 1 -1 1 -1 1 -1 1 -1 1 -1 1 -1 1 -1 1 -1 1 -1 1 -1 1 -1 1 -1 1 -1 1 -1 1 -1 1 -1 1 -1 1 -1 1 -1 1 -1 1 -1 1 -1 1 -1 1 -1 1 -1 1 -1 1 -1 1 -1 1 -1 1 -1 1 -1 1 -1 1 -1 1 -1 1 -1 1 -1 1 -1 1 -1 1 -1 1 -1 1 -1 1 -1 1 -1 1 -1 1 -1 1 -1 1 -1 1 -1 1 -1 1 -1 1 -1 1 -1 1 -1 1 -1
194
35 118 -20 -99 22 39 -29 -10 170 125 -2 2 -67 91 32 95 58 80 9 -137 112 25 -90 38 134 -18 -22 -9 45 -24 -8 1 -1 97 89 -32 130 137 58 21 24 89 63 109 35 55 -32 144 -90 44 108 10 -14 154 -89 107 -111 83 72 2 100 77 114 174 51 40 18 101 106 164 -40 -141 62 95 5 26 11 64 -101 -5 47 -118 61 13 -18 -124 9 58 51 81 -8 190 41 -44 64 -9 54 -80 76 -71 -125 -26 -1 -104 -91 -63 101 -19 35 -87 -95 -102 -138 1 -23 -51 -16 -35 42 -118 -71 159 129 50 64 166 35 76 48 -100 -97 1 -1 21 -125 -1 -55 -123 -77 59 -27 -64 71 -35 135 -58 46 -29 30 -98 -54 -50 -109 142 -121 -111 -57 38 -64 123 -103 -35 -107 97 44 -6 -130 -78 -95 -28 -81 48 83 -50 -106 176 -114 -16 -30 -8 30 93 109 108 -69 -81 87 -6 -64 115 -29 -144 -188 -63
196
31 140 174 -71 -62 100 39 98 -41 91 39 30 112 32 57 -19 -81 -25 43 75 19 89 47 132 107 31 74 128 108 28 108 -31 162 140 -108 37 117 -20 18 -19 -77 -30 113 57 42 79 -39 77 -57 -39 11 56 2 67 -24 66 50 -28 107 10 -71 -11 74 -124 -61 123 5 28 71 -47 -166 -5 -37 2 -58 -80 -73 -19 -104 6 182 -13 -36 33 32 -6 -42 44 -38 46 93 -73 36 -110 2 60 -2 50 -147 -97 -91 36 -184 23 -18 -98 -50 -90 51 39 45 -47 -143 -78 -51 -12 -33 -1 -75 -19 3 -66 13 34 -77 -29 -23 9 50 -27 61 -44 -131 107 57 36 -108 -36 -20 -71 32 44 -11 65 50 -56 11 -50 30 65 -64 4 -164 -43 -145 -132 21 -11 13 -51 -9 -111 12 70 -142 -107 35 -25 -42 -13 -1 -64 -42 -140 -12 4 -174 -21 -30 -100 120 15 18 -93 -44 -46 49 20 16 12 -47 -24 12 5 -50 -145
198
50 23 87 174 20 120 79 -45 127 -126 -85 92 -5 128 -1 12 87 19 54 76 -69 -95 172 -60 173 175 41 33 105 155 -99 24 1 -124 87 -183 -19 142 -48 117 70 -13 115 125 50 -26 132 28 92 -19 18 -35 25 49 -42 -73 22 34 -133 62 114 -43 -69 89 -18 16 53 103 58 -64 -43 106 -54 25 -21 -83 30 -25 -91 -36 -35 -16 19 63 3 -79 79 -3 -42 10 64 85 -5 -65 -50 48 -157 55 -25 -63 -96 70 -49 -87 -26 9 -30 31 -57 -75 -131 38 -85 18 -68 98 127 30 42 26 83 -87 -6 11 -173 -120 -58 58 -81 -16 32 -77 -144 -105 -11 -127 48 56 -31 39 -112 -128 33 -48 138 163 -63 -30 29 39 92 11 -135 36 43 45 -86 -115 24 -33 -42 1 -32 -17 -61 -79 -90 -7 -125 -101 78 -65 -49 160 -114 -33 -85 -174 -132 -142 118 -27 -72 -26 -155 -112 3 30 -34 -3 -7 -55 -63 -56 -172 8 -99 -173
200
28 22 10 -102 -171 71 71 38 122 76 79 -85 97 26 -47 91 12 54 66 -12 -23 36 1 -85 126 -34 -91 -19 -28 15 -60 17 4 148 130 39 104 -25 55 -26 99 74 -17 2 97 -2 25 119 145 108 77 -60 13 138 14 33 121 10 -165 80 36 -57 127 71 27 42 24 31 -14 63 36 -54 3 28 -39 -3 -71 -71 45 -127 105 83 -41 -43 -66 32 93 -78 -190 93 -24 78 -2 40 59 78 94 24 -31 64 99 -162 -187 67 -65 13 -36 -42 -148 -97 88 110 132 -48 82 17 -11 -32 -156 191 -114 25 -117 -45 -61 60 2 80 -2 47 -122 45 -63 -38 -11 80 -99 -1 96 -80 16 -97 43 -113 -76 -140 -25 -74 43 31 -126 -89 -57 -36 -170 2 -58 -108 -104 -81 135 -3 -95 11 -83 -62 -119 -76 -27 -78 -67 85 16 -78 14 -103 -170 -121 -63 -93 71 -148 -93 -124 25 -43 -98 73 -16 -127 13 -138 1 -145 -6 -74 -109 -23 -88 -99
